0;454
1;455
2;455
3;456
4;456
5;460
6;459
7;461
8;460
9;462
10;461
12;459
13;458
24;466
25;468
26;468
27;469
28;471
29;472
42;466
43;465
44;466
45;466
46;467
47;463
48;463
49;455
50;454
51;451
52;450
53;450
54;450
55;450
56;450
57;450
58;450
59;450
69;459
70;458
71;457
72;457
73;457
74;457
75;457
76;457
77;457
90;472
91;472
92;470
93;463
94;461
95;460
96;459
97;458
98;458
99;457
100;457
101;457
102;456
103;455
104;450
105;437
106;436
115;433
116;434
117;436
118;435
119;437
120;437
121;439
122;442
123;445
124;445
125;445
126;446
127;446
135;454
136;454
137;454
138;454
139;454
140;454
141;454
142;454
143;454
144;454
145;454
146;454
147;454
148;454
149;454
150;454
151;454
152;455
153;455
163;454
164;454
165;455
166;456
167;456
168;456
169;457
170;458
171;458
172;459
173;461
183;469
184;469
185;475
186;475
187;475
188;475
189;475
190;475
191;473
192;471
193;469
194;468
195;466
196;471
197;465
198;465
199;465
200;464
209;451
210;451
211;451
212;451
213;450
214;449
215;448
216;448
217;447
218;446
219;445
227;442
228;441
229;442
230;442
231;441
232;432
233;432
234;432
235;473
236;430
237;430
238;429
239;429
240;429
241;430
242;430
243;430
244;430
245;430
246;430
247;430
257;426
258;426
259;426
260;426
261;426
262;426
263;426
264;426
265;426
266;426
276;430
277;431
278;431
279;432
280;434
281;435
282;435
283;437
284;437
285;438
286;438
287;439
288;439
289;439
290;440
291;441
292;440
293;438
304;428
305;430
306;429
307;429
308;428
309;428
310;429
311;428
321;436
322;434
323;430
324;429
325;431
326;432
327;430
328;430
329;430
330;429
331;430
332;427
333;426
334;426
335;425
336;422
337;421
338;421
339;420
340;420
349;414
350;414
351;411
352;411
353;410
354;412
355;413
356;414
358;417
359;417
368;433
369;433
370;434
371;434
372;433
373;433
374;432
375;435
376;437
377;438
378;439
379;442
380;443
381;443
382;444
383;444
384;444
385;444
386;445
387;446
396;460
397;461
398;461
399;461
400;461
401;462
402;462
403;462
404;462
405;463
406;464
416;464
417;464
418;463
419;463
420;462
421;462
422;461
423;460
424;456
425;456
426;456
427;455
428;455
429;454
430;454
431;454
432;452
443;461
444;462
445;464
446;470
447;477
448;478
449;480
450;481
451;485
452;486
463;484
464;485
465;480
466;479
467;479
468;478
469;477
470;477
471;478
472;477
473;477
474;477
475;475
476;476
477;478
478;478
479;477
480;476
481;476
482;476
491;481
492;482
493;483
494;484
495;484
496;483
497;483
498;482
499;476
500;473
510;472
511;471
512;471
513;469
514;469
515;469
516;470
517;468
518;469
519;468
520;457
521;457
522;458
523;457
524;456
525;451
526;448
527;445
528;442
537;417
538;416
539;399
540;397
541;393
542;388
543;385
544;385
545;384
546;384
550;367
551;364
552;362
555;345
556;341
557;329
558;322
559;312
560;311
561;297
562;295
563;295
564;289
565;284
566;281
567;261
568;260
569;249
570;236
571;224
572;203
573;199
574;195
575;194
581;194
582;195
583;200
584;209
585;213
586;217
587;223
588;233
589;236
590;238
591;250
592;267
593;277
603;390
604;396
605;414
606;428
607;448
608;451
609;470
610;475
611;475
612;475
613;476
614;476
615;479
616;480
617;491
618;491
619;491
620;491
621;492
631;507
632;507
633;508
634;510
635;510
636;511
637;518
638;519
639;520
640;520
651;510
652;509
653;508
654;508
655;508
656;508
657;508
658;508
659;507
660;506
661;507
662;504
663;501
664;500
665;500
666;500
677;500
678;500
679;500
680;498
681;495
682;492
683;492
684;491
685;490
686;490
687;490
698;490
699;487
700;487
701;488
702;488
703;488
704;488
705;488
706;487
707;485
708;485
709;484
710;484
711;482
712;482
713;484
714;484
716;486
717;488
725;496
726;496
727;495
728;495
729;494
730;493
731;493
732;493
733;492
734;492
735;492
747;479
748;488
749;488
750;478
751;478
752;489
753;489
754;489
755;490
756;490
757;491
758;493
759;496
760;496
761;496
762;497
763;497
772;499
773;498
774;497
775;496
776;495
777;493
778;489
779;486
780;484
781;479
782;477
783;477
792;476
793;476
794;476
795;477
796;476
797;477
798;477
799;478
800;478
801;480
802;483
803;487
804;487
805;486
806;491
807;491
808;490
810;492
819;493
820;492
821;491
822;489
823;489
824;488
825;486
826;486
827;486
828;484
840;486
841;483
842;481
843;484
844;484
845;483
846;481
847;482
848;484
849;486
850;493
851;494
852;493
853;493
854;492
865;484
866;484
867;485
868;485
869;485
870;485
871;485
872;484
873;484
874;484
875;484
876;484
877;484
885;486
886;483
889;478
890;476
891;475
892;475
893;477
894;478
895;477
896;480
897;480
898;479
899;478
900;481
912;475
913;475
914;475
915;475
916;476
917;476
918;476
919;478
920;478
921;479
932;486
933;486
934;485
935;478
936;476
937;475
938;475
939;476
940;476
941;476
942;477
943;480
944;480
945;482
946;481
947;483
948;486
949;486
950;486
959;482
960;482
961;481
962;481
963;480
964;478
965;473
966;471
967;472
968;472
969;473
981;475
982;476
983;475
984;475
985;474
986;473
987;473
988;472
989;473
990;472
991;469
992;465
993;465
994;465
995;467
996;468
997;468
998;470
1006;468
1007;468
1008;468
1009;469
1010;469
1011;470
1012;471
1013;471
1014;471
1015;471
1016;471
1017;471
1018;470
1027;463
1028;463
1030;462
1031;462
1032;462
1033;472
1034;471
1035;472
1036;473
1037;471
1038;468
1039;468
1040;472
1041;470
1042;470
1044;457
1054;439
1055;438
1056;436
1057;431
1058;429
1059;430
1060;431
1061;430
1062;432
1063;434
1064;434
1065;435
1066;435
1074;440
1075;439
1076;436
1077;435
1078;435
1079;435
1080;434
1081;434
1082;434
1083;435
1084;435
1085;435
1086;437
1087;436
1088;436
1090;435
1100;425
1101;425
1102;425
1103;424
1104;424
1105;424
1106;423
1107;423
1108;423
1109;423
1110;423
1111;423
1112;423
1113;424
1121;431
1122;431
1123;430
1124;429
1125;429
1126;430
1127;430
1128;431
1129;431
1130;438
1131;438
1132;438
1133;436
1134;435
1135;438
1136;435
1147;419
1148;418
1149;417
1150;418
1151;417
1152;417
1153;417
1154;418
1155;418
1156;419
1157;420
1158;420
1167;428
1168;435
1169;436
1170;438
1171;441
1172;445
1173;441
1174;444
1175;443
1176;443
1177;448
1178;448
1179;446
1180;444
1181;445
1182;442
1183;440
1184;437
1185;436
1186;435
1196;433
1197;435
1198;436
1199;437
1200;438
1201;438
1202;441
1203;450
1204;452
1205;452
1206;452
1217;442
1218;442
1219;441
1220;439
1221;436
1222;435
1223;435
1224;436
1225;434
1226;434
1227;439
1228;439
1229;441
1230;441
1231;442
1232;442
1233;445
1243;448
1244;449
1245;449
1246;450
1247;450
1248;449
1249;449
1250;448
1251;448
1252;447
1253;447
1263;449
1264;449
1266;451
1267;451
1268;451
1269;450
1270;450
1271;450
1272;449
1273;449
1274;449
1275;449
1276;449
1277;449
1278;449
1279;449
1280;448
1289;454
1290;455
1291;455
1292;456
1293;456
1294;456
1295;457
1296;457
1297;457
1298;457
1299;457
1300;457
1309;456
1310;456
1311;456
1312;455
1313;455
1314;455
1315;453
1316;452
1317;452
1318;452
1319;451
1320;451
1321;450
1322;450
1323;450
1324;450
1325;448
1326;449
1335;444
1336;444
1337;445
1338;445
1339;443
1340;443
1341;443
1342;443
1343;443
1344;443
1345;443
1346;443
1347;443
1348;443
1356;451
1357;451
1358;451
1359;452
1360;452
1361;453
1362;454
1363;453
1364;454
1365;453
1366;453
1367;452
1368;451
1369;451
1370;451
1371;451
1372;451
1383;455
1384;455
1385;454
1386;453
1387;451
1388;450
1389;449
1390;449
1391;449
1392;448
1393;448
1394;448
1395;447
1396;447
1404;450
1405;451
1406;450
1407;450
1408;449
1409;449
1410;449
1411;449
1412;449
1413;449
1414;449
1415;449
1416;448
1417;448
1418;450
1419;447
1420;445
1432;450
1433;450
1434;451
1435;451
1436;451
1437;451
1438;451
1439;452
1440;452
1441;451
1442;451
1443;451
1451;442
1452;442
1453;442
1454;436
1455;436
1456;435
1457;436
1458;436
1459;436
1460;436
1461;439
1462;439
1463;439
1464;438
1465;439
1466;440
1467;440
1480;429
1481;429
1482;427
1483;427
1484;427
1485;428
1486;428
1487;428
1488;429
1498;433
1499;433
1500;433
1501;432
1502;432
1503;433
1504;433
1505;432
1506;433
1507;433
1508;433
1509;433
1510;433
1511;432
1512;432
1513;430
1514;430
1526;426
1527;426
1528;427
1529;427
1530;426
1531;426
1532;426
1533;429
1534;430
1535;432
1536;432
1537;433
1546;430
1547;427
1548;428
1549;427
1550;427
1551;426
1552;426
1553;426
1554;426
1555;426
1556;425
1557;424
1558;424
1559;424
1560;423
1561;423
1562;422
1563;422
1573;425
1574;426
1575;427
1576;426
1577;425
1578;426
1579;429
1580;433
1581;433
1582;434
1583;434
1584;434
1596;426
1597;426
1598;426
1599;426
1600;426
1601;426
1602;426
1603;424
1604;420
1605;421
1606;424
1607;424
1608;423
1609;424
1620;425
1621;436
1622;436
1623;437
1624;438
1625;439
1626;439
1627;439
1628;439
1629;438
1640;425
1641;425
1642;425
1643;425
1644;426
1645;426
1646;426
1647;426
1648;427
1649;427
1650;426
1651;427
1652;427
1653;432
1654;435
1655;435
1656;435
1657;435
1658;436
1668;432
1669;432
1670;432
1671;432
1672;432
1673;431
1674;431
1675;430
1676;427
1677;427
1678;426
1679;426
1689;421
1690;419
1691;421
1692;423
1693;424
1694;424
1695;423
1696;424
1697;425
1698;425
1699;425
1700;427
1701;428
1702;427
1703;430
1704;430
1705;430
1706;430
1716;423
1717;422
1718;422
1719;421
1720;418
1721;416
1722;415
1723;414
1724;414
1725;411
1726;411
1734;410
1735;411
1736;412
1737;420
1738;422
1739;423
1740;425
1741;426
1742;426
1743;426
1744;426
1745;425
1746;426
1747;425
1748;427
1749;428
1750;426
1751;427
1752;426
1753;426
1763;421
1764;420
1765;420
1766;420
1767;419
1768;419
1769;418
1770;416
1771;415
1772;413
1773;410
1774;406
1782;389
1783;389
1784;389
1785;384
1786;383
1787;384
1788;384
1789;384
1790;384
1791;386
1792;389
1793;390
1794;391
1795;394
1796;394
1797;394
1798;395
1800;399
1801;400
1810;406
1811;405
1812;405
1813;405
1814;405
1815;405
1816;404
1817;404
1818;403
1819;403
1820;402
1832;401
1833;401
1834;401
1835;400
1836;400
1837;389
1838;386
1839;378
1840;378
1841;378
1842;378
1843;378
1844;378
1846;378
1847;377
1848;376
1857;385
1858;385
1859;388
1860;389
1861;395
1862;396
1863;397
1864;396
1865;398
1866;405
1867;405
1877;393
1880;400
1881;391
1882;391
1883;391
1884;401
1885;409
1886;401
1887;401
1888;408
1889;403
1890;403
1891;414
1892;414
1893;415
1894;418
1895;418
1906;420
1907;419
1908;414
1909;414
1910;412
1911;411
1912;411
1913;411
1914;411
1915;412
1927;413
1928;413
1929;413
1930;414
1931;414
1932;422
1933;423
1934;424
1935;423
1936;423
1937;425
1938;425
1939;425
1940;421
1952;416
1953;416
1954;417
1955;419
1956;422
1957;423
1958;423
1959;423
1960;425
1961;426
1962;425
1974;427
1975;427
1976;426
1977;426
1978;425
1979;427
1980;427
1981;427
1982;427
1983;427
1984;426
1985;426
1986;425
1987;426
1988;424
1990;423
2000;422
2001;423
2002;424
2003;425
2004;425
2005;427
2006;428
2007;430
2008;431
2009;431
2010;433
2020;430
2021;427
2022;427
2023;427
2024;427
2025;426
2026;425
2027;425
2028;424
2029;424
2030;419
2031;418
2032;418
2033;418
2034;418
2035;418
2045;406
2046;405
2047;403
2048;403
2049;402
2050;389
2051;385
2052;380
2053;379
2054;378
2055;378
2056;378
2057;377
2058;377
2063;360
2064;356
2065;355
2066;354
2067;353
2068;350
2069;348
2070;332
2071;330
2072;329
2073;329
2074;328
2075;327
2076;325
2077;325
2078;324
2079;322
2080;321
2081;315
2082;299
2084;282
2092;228
2093;226
2094;222
2095;216
2096;194
2097;186
2098;169
2099;155
2100;150
2101;139
2102;137
2103;135
2104;134
2105;141
2111;167
2112;168
2113;177
2114;179
2115;189
2116;191
2117;210
2118;220
2119;231
2120;236
2121;258
2122;289
2123;293
2124;308
2125;327
2126;329
2127;338
2128;342
2129;357
2130;364
2131;367
2132;374
2140;403
2141;447
2142;449
2143;450
2144;450
2145;451
2146;451
2147;451
2148;451
2149;450
2150;451
2151;453
2165;476
2166;476
2167;476
2168;475
2169;471
2170;471
2171;469
2172;467
2173;467
2174;466
2175;466
2176;466
2177;465
2179;464
2185;451
2189;451
2190;451
2191;451
2192;451
2193;450
2194;450
2195;450
2196;439
2197;438
2198;438
2211;427
2212;427
2213;427
2214;436
2215;438
2216;438
2217;437
2218;436
2219;437
2220;438
2221;438
2222;438
2223;437
2224;436
2225;435
2226;434
2237;424
2238;423
2239;425
2240;426
2241;426
2242;431
2243;433
2244;433
2245;434
2246;435
2260;436
2261;436
2262;436
2263;437
2264;437
2265;437
2266;438
2267;437
2268;438
2269;438
2270;438
2271;441
2272;441
2273;442
2284;454
2285;455
2286;456
2287;457
2288;458
2289;458
2290;458
2291;457
2292;456
2293;456
2307;423
2308;422
2309;421
2310;420
2311;420
2312;420
2313;421
2314;423
2315;423
2316;423
2317;423
2318;424
2331;438
2332;436
2333;435
2334;428
2335;429
2336;429
2337;432
2338;433
2339;432
2340;430
2351;421
2353;425
2354;425
2355;425
2356;427
2357;426
2358;425
2359;427
2360;429
2361;433
2362;433
2363;433
2364;433
2365;432
2366;433
2367;433
2368;434
2369;433
2379;434
2380;434
2381;434
2382;435
2383;436
2384;435
2385;433
2386;433
2387;432
2388;432
2389;432
2402;425
2403;424
2404;424
2405;424
2406;425
2407;424
2408;424
2409;424
2410;426
2411;426
2412;426
2413;425
2414;425
2415;427
2416;429
2417;429
2426;424
2427;422
2428;422
2429;421
2430;420
2431;420
2432;419
2433;415
2434;411
2435;412
2436;412
2437;411
2449;417
2450;416
2451;415
2452;407
2453;406
2454;407
2455;414
2456;415
2457;415
2458;418
2459;422
2460;422
2461;421
2462;420
2463;421
2464;421
2465;421
2466;421
2473;416
2474;415
2475;415
2476;415
2477;417
2478;417
2479;418
2480;419
2481;420
2482;420
2483;421
2492;419
2493;419
2494;418
2495;418
2496;419
2497;420
2498;420
2499;420
2500;420
2501;420
2502;420
2503;420
2504;421
2505;421
2506;421
2507;421
2508;421
2509;421
2510;422
2511;423
2512;426
2520;418
2521;418
2522;417
2523;416
2524;415
2525;415
2526;413
2528;410
2529;402
2543;399
2544;399
2545;399
2546;399
2547;400
2548;400
2549;401
2550;402
2551;403
2552;404
2553;405
2554;407
2555;407
2556;406
2557;406
2568;399
2569;390
2570;390
2571;389
2572;389
2573;388
2574;388
2575;388
2578;387
2591;395
2592;396
2593;397
2594;391
2595;388
2596;386
2597;385
2598;385
2599;383
2600;383
2601;378
2602;381
2603;382
2604;382
2605;380
2612;371
2613;370
2614;370
2615;370
2616;370
2617;370
2618;370
2619;371
2620;371
2621;372
2622;372
2623;372
2624;372
2625;372
2637;369
2638;366
2639;365
2640;364
2641;364
2642;364
2643;364
2644;363
2645;362
2646;362
2647;361
2648;361
2649;360
2650;360
2651;360
2652;360
2653;360
2662;366
2663;367
2664;367
2665;368
2666;370
2667;370
2668;371
2669;371
2670;371
2672;372
2673;372
2686;376
2687;376
2688;376
2689;376
2690;376
2691;376
2692;378
2693;380
2694;382
2695;381
2696;377
2697;377
2698;379
2699;379
2700;379
2701;378
2711;378
2712;378
2713;378
2714;379
2715;378
2716;378
2717;380
2718;378
2719;377
2720;380
2721;379
2722;378
2734;377
2735;376
2736;377
2737;378
2738;378
2739;379
2740;380
2741;381
2742;381
2743;379
2744;379
2745;382
2746;386
2747;388
2748;388
2749;387
2750;387
2758;394
2759;394
2760;394
2761;394
2762;394
2763;394
2764;394
2765;394
2766;394
2767;394
2768;394
2781;398
2782;399
2783;398
2784;397
2785;396
2786;396
2787;396
2788;396
2789;396
2790;395
2791;395
2792;394
2793;394
2794;394
2795;391
2796;390
2805;388
2806;388
2807;388
2808;386
2809;385
2810;386
2811;385
2812;384
2813;384
2814;384
2815;384
2827;384
2828;385
2829;384
2830;385
2831;386
2832;385
2833;385
2834;385
2835;385
2836;385
2837;385
2838;385
2839;384
2840;384
2841;384
2842;385
2843;387
2844;388
2845;389
2853;391
2854;391
2855;392
2856;393
2857;393
2858;394
2859;394
2860;394
2861;394
2862;394
2863;393
2864;393
2876;392
2877;393
2878;396
2879;397
2880;397
2881;397
2882;397
2883;398
2884;398
2885;399
2886;400
2887;400
2888;401
2890;403
2901;393
2902;393
2903;392
2904;392
2905;393
2906;392
2907;393
2908;393
2909;393
2910;393
2911;394
2920;398
2921;397
2922;396
2923;395
2924;394
2925;394
2926;394
2927;394
2928;394
2929;394
2930;393
2931;392
2932;390
2933;387
2934;385
2935;384
2936;384
2937;384
2938;384
2948;391
2949;392
2950;393
2951;394
2952;395
2953;396
2954;395
2955;396
2956;395
2957;394
2958;392
2971;387
2972;387
2973;387
2974;389
2975;390
2976;392
2977;393
2978;394
2979;395
2980;396
2981;396
2982;396
2983;397
2985;397
2986;396
2987;396
2996;399
2997;399
2998;399
2999;399
3000;399
3001;396
3002;394
3003;393
3004;390
3005;388
3006;387
3007;386
3018;377
3019;377
3020;377
3021;377
3022;377
3023;379
3024;380
3025;380
3026;379
3027;375
3028;376
3029;376
3030;376
3031;376
3032;376
3033;376
3034;376
3043;381
3044;381
3045;382
3046;382
3047;383
3048;384
3049;384
3050;384
3051;385
3052;384
3053;384
3065;373
3066;372
3067;372
3068;373
3069;373
3070;373
3071;375
3072;375
3073;373
3074;370
3075;370
3076;370
3077;371
3078;372
3079;372
3080;373
3081;373
3091;380
3092;382
3093;382
3094;383
3095;383
3096;384
3097;384
3098;383
3099;384
3100;386
3101;388
3114;374
3115;373
3116;373
3117;373
3118;372
3119;372
3120;372
3121;370
3122;366
3123;364
3124;364
3125;365
3128;366
3129;366
3133;368
3138;374
3139;375
3140;375
3141;375
3142;375
3143;376
3144;376
3145;377
3146;377
3147;379
3148;378
3158;374
3159;374
3161;373
3162;373
3163;372
3164;373
3165;373
3166;371
3167;371
3168;369
3169;362
3170;360
3171;361
3172;361
3173;362
3174;362
3175;362
3176;363
3185;371
3186;372
3187;373
3188;374
3189;376
3190;378
3191;379
3192;377
3193;376
3194;376
3195;374
3196;374
3197;374
3205;374
3206;378
3208;374
3209;373
3210;374
3211;374
3212;374
3213;374
3214;376
3215;377
3216;377
3217;376
3218;375
3219;379
3220;381
3221;382
3222;383
3223;383
3233;386
3234;385
3235;385
3236;384
3237;384
3238;384
3239;383
3240;383
3241;382
3242;381
3243;382
3254;373
3256;372
3257;372
3258;372
3259;372
3260;372
3261;372
3262;372
3263;371
3264;370
3265;370
3266;370
3267;370
3268;369
3281;378
3282;379
3283;379
3284;379
3285;378
3286;377
3287;372
3288;369
3289;369
3290;368
3291;367
3302;364
3304;370
3305;370
3306;370
3307;370
3308;363
3309;356
3310;357
3311;356
3312;355
3313;355
3314;355
3315;356
3316;356
3317;356
3318;357
3319;357
3320;357
3321;357
3322;361
3323;364
3324;364
3325;364
3326;365
3327;367
3328;368
3329;369
3330;369
3331;369
3332;368
3333;369
3334;367
3335;365
3347;365
3350;366
3351;367
3352;368
3353;368
3354;368
3355;368
3356;367
3357;366
3358;357
3359;355
3360;353
3361;352
3362;351
3363;351
3365;351
3373;342
3374;342
3375;342
3376;341
3377;341
3378;342
3379;342
3380;342
3381;342
3382;342
3383;343
3396;345
3397;345
3398;345
3399;346
3400;349
3401;349
3402;350
3403;351
3404;351
3405;351
3406;350
3407;349
3408;348
3409;348
3410;348
3411;348
3413;346
3420;342
3421;343
3422;343
3423;343
3424;343
3425;344
3426;345
3427;345
3428;347
3429;348
3430;348
3431;349
3432;352
3441;353
3443;355
3444;355
3445;355
3446;355
3447;356
3448;356
3449;356
3450;357
3451;357
3452;357
3453;357
3454;356
3455;355
3456;355
3457;354
3458;354
3459;354
3460;354
3461;357
3471;375
3472;376
3473;376
3474;377
3475;378
3476;380
3477;384
3478;385
3479;387
3480;391
3481;391
3492;390
3493;389
3494;388
3495;386
3496;386
3497;386
3498;385
3499;381
3500;380
3501;382
3502;378
3503;381
3504;380
3505;381
3506;381
3507;382
3516;394
3517;393
3518;391
3519;390
3520;387
3521;387
3522;387
3523;387
3524;386
3525;386
3526;385
3527;384
3538;384
3539;385
3540;384
3541;385
3542;385
3543;386
3544;389
3545;395
3546;395
3547;394
3548;395
3549;396
3550;397
3551;396
3552;398
3554;396
3555;395
3564;392
3565;392
3566;393
3567;393
3568;394
3569;394
3570;394
3571;394
3572;394
3573;394
3574;394
3588;393
3589;394
3590;394
3591;394
3592;392
3593;391
3594;391
3595;389
3596;389
3597;391
3598;392
3599;387
3600;385
3601;384
3602;379
3605;348
3606;347
3607;347
3608;346
3609;346
3610;344
3611;344
3612;343
3613;342
3614;337
3615;337
3616;335
3617;334
3618;333
3619;331
3620;322
3621;321
3622;315
3630;300
3631;300
3632;299
3634;287
3635;285
3636;282
3637;277
3638;275
3639;260
3640;258
3641;257
3642;248
3643;248
3644;247
3645;237
3646;226
3647;218
3648;202
3649;188
3650;180
3658;154
3659;146
3660;144
3661;144
3662;144
3663;143
3664;145
3665;147
3666;147
3667;148
3668;160
3669;163
3670;165
3677;204
3678;208
3679;211
3680;230
3681;237
3682;243
3683;276
3684;288
3685;299
3686;319
3687;326
3688;326
3689;337
3690;342
3691;351
3692;353
3693;362
3694;378
3695;381
3696;397
3697;402
3698;405
3707;423
3708;432
3709;432
3710;433
3711;433
3712;433
3713;434
3714;434
3715;433
3716;433
3717;434
3730;431
3731;423
3732;423
3733;423
3734;423
3735;424
3736;424
3737;427
3738;429
3739;430
3740;430
3741;429
3742;427
3743;427
3744;427
3745;427
3746;427
3754;417
3755;415
3756;415
3757;417
3758;417
3759;416
3760;417
3761;419
3762;420
3763;415
3764;421
3765;421
3767;421
3768;421
3777;415
3778;415
3779;417
3780;418
3781;419
3782;419
3783;418
3784;417
3785;418
3786;420
3787;420
3788;421
3789;419
3790;418
3791;417
3792;417
3793;417
3801;412
3802;411
3803;411
3804;410
3805;409
3806;405
3807;405
3808;403
3809;403
3810;401
3811;401
3812;400
3813;400
3824;400
3825;401
3826;402
3827;402
3828;403
3829;405
3830;404
3831;405
3832;405
3833;405
3834;405
3835;405
3836;405
3837;405
3838;405
3839;405
3840;405
3849;401
3850;401
3851;401
3852;401
3853;401
3854;401
3855;401
3856;401
3857;401
3858;401
3859;401
3860;401
3864;402
3872;404
3873;404
3874;404
3875;404
3876;403
3877;403
3878;403
3879;403
3880;403
3881;403
3882;403
3883;402
3884;403
